0=1
1:[0, 1, 2, 5]
1 % 0.25 0.25 0.25 0.25
1=-2
2:[1, 2, 3, 6]
2 % 0.25 0.25 0.25 0.25
2=-2
3:[2, 3, 3, 7]
3 % 0.25 0.25 0.25 0.25
4:[0, 4, 5, 8]
4 % 0.25 0.25 0.25 0.25
5:[4, 1, 6, 9]
5 % 0.25 0.25 0.25 0.25
6:[5, 2, 7, 10]
6 % 0.25 0.25 0.25 0.25
7:[6, 3, 7, 11]
7 % 0.25 0.25 0.25 0.25
8:[8, 4, 9, 12]
8 % 0.25 0.25 0.25 0.25
9:[8, 5, 10, 13]
9 % 0.25 0.25 0.25 0.25
10:[9, 6, 11, 14]
10 % 0.25 0.25 0.25 0.25
11:[10, 7, 11, 15]
11 % 0.25 0.25 0.25 0.25
12:[12, 12, 8, 13]
12 % 0.25 0.25 0.25 0.25
13:[12, 13, 14, 9]
13 % 0.25 0.25 0.25 0.25
14:[13, 14, 15, 10]
14 % 0.25 0.25 0.25 0.25
15=-1
3=-2
4=-2
5=-2
6=-2
7=-2
8=-2
9=-2
10=-2
11=-2
12=-2
13=-2
14=-2